1965,5
1965,4
1965,3
1965,2
1965,1
1965,0
1962,5
1962,4
1962,3
1962,2
1962,1
1962,0
1959,5
1959,4
1959,3
1959,2
1959,1
1959,0
1956,4
1956,3
1956,2
1956,1
1956,0
1954,3
1954,2
1954,1
1954,0
1953,5
1953,4
1953,3
1953,2
1953,1
1953,0
1950,3
1950,2
1950,1
1950,0
1949,5
1949,4
1949,3
1949,2
1949,1
1949,0
1948,4
1948,3
1948,2
1948,1
1948,0
1947,3
1947,2
1947,1
1947,0
1946,4
1946,3
1946,2
1946,1
1946,0
1945,4
1945,3
1945,2
1945,1
1945,0
1943,4
1943,3
1943,2
1943,1
1943,0
1941,4
1941,3
1941,2
1941,1
1941,0
1939,4
1939,3
1939,2
1939,1
1939,0
1938,4
1938,3
1938,2
1938,1
1938,0
1937,3
1937,2
1937,1
1937,0
4,3
2,3
2,2
2,1
2,0
1,3
0,410
0,324
0,243
0,9
0,0
0,1
0,504
0,300
0,370
0,299
0,432
0,298
0,463
0,297
0,481
0,296
0,363
0,295
0,369
0,294
0,490
0,293
0,503
0,292
0,411
0,291
0,381
0,290
0,403
0,289
0,357
0,288
0,287
0,337
0,286
0,409
0,285
0,402
0,284
0,349
0,283
0,332
0,282
0,344
0,281
0,431
0,280
0,279
0,428
0,278
0,427
0,277
0,430
0,276
0,380
0,275
0,328
0,274
0,389
0,273
0,348
0,272
0,374
0,271
0,419
0,270
0,388
0,269
0,326
0,268
0,267
0,387
0,266
0,386
0,265
0,500
0,264
0,401
0,263
0,368
0,262
0,323
0,261
0,322
0,260
0,385
0,259
0,426
0,258
0,347
0,257
0,507
0,256
0,334
0,255
0,377
0,254
0,356
0,253
0,415
0,252
0,355
0,251
0,354
0,250
0,408
0,249
0,362
0,248
0,425
0,247
0,321
0,246
0,392
0,245
0,400
0,244
0,424
0,242
0,506
0,241
0,418
0,240
0,353
0,239
0,361
0,238
0,360
0,237
0,359
0,236
0,423
0,235
0,351
0,234
0,367
0,233
0,496
0,232
0,398
0,231
0,230
0,229
0,379
0,228
0,469
0,227
0,422
0,226
0,373
0,225
0,511
0,224
0,384
0,223
0,452
0,222
0,333
0,221
0,483
0,220
0,429
0,219
0,414
0,218
0,397
0,217
0,417
0,216
0,495
0,215
0,413
0,214
0,454
0,213
0,391
0,212
0,394
0,211
0,378
0,210
0,407
0,209
0,366
0,208
0,510
0,207
0,358
0,206
0,406
0,205
0,372
0,204
0,405
0,203
0,331
0,202
0,390
0,201
0,434
0,200
0,376
0,199
0,329
0,198
0,509
0,197
0,421
0,196
0,352
0,195
0,312
0,194
0,404
0,193
0,339
0,192
0,399
0,63
0,416
0,62
0,396
0,61
0,505
0,60
0,59
0,395
0,58
0,420
0,57
0,365
0,56
0,433
0,55
0,383
0,54
0,467
0,53
0,317
0,52
0,412
0,51
0,371
0,50
0,474
0,49
0,393
0,48
0,330
0,47
0,364
0,46
0,375
0,45
0,338
0,6
0,5
0,304
0,303
0,306
0,305
0,302
0,12
0,10
0,8
0,11
0,4
0,2
0,3
0,7
